1 0.4296875 0.40703125 0.153125 0.1015625
1 0.7000000000000001 0.37031250000000004 0.037500000000000006 0.034375
0 0.94453125 0.6875 0.1015625 0.115625
1 0.45390625 0.39453125 0.1203125 0.0734375
0 0.8835937500000001 0.6218750000000001 0.09531250000000001 0.096875
1 0.465625 0.36953125000000003 0.096875 0.035937500000000004
0 0.7351562500000001 0.5125000000000001 0.060937500000000006 0.0625
0 0.7671875 0.52890625 0.05 0.06406250000000001
0 0.6843750000000001 0.484375 0.059375000000000004 0.046875
0 0.79453125 0.55234375 0.060937500000000006 0.0734375
0 0.83203125 0.58125 0.0734375 0.084375
